<?xml version="1.0"?>
<opencv_storage>
<Camera_Matrix type_id="opencv-matrix">
  <rows>3</rows>
  <cols>3</cols>
  <dt>d</dt>
  <data>
    1.3200721781303278e+04 0. 3000. 0. 1.3192506603904352e+04 2000. 0.
    0. 1.</data></Camera_Matrix>
<Distortion_Coefficients type_id="opencv-matrix">
  <rows>1</rows>
  <cols>5</cols>
  <dt>d</dt>
  <data>
    2.6423619431122641e-01 1.4822673583070691e+00
    -1.0318554730874971e-03 1.1731840071756809e-03
    -1.4889655497179721e+01</data></Distortion_Coefficients>
</opencv_storage>
